local part = game.Workspace.Painting.PaintingPart.Position
game.Players.LocalPlayer.Character.HumanoidRootPart.CFrame = CFrame.new(-308.988342, 88.8667831, -160.501083, -0.89874804, 0.0123199373, 0.438293189, 0.00567878038, 0.999848425, -0.0164599419, -0.438429505, -0.0123043647, -0.89868176)
wait(10)
game.Players.LocalPlayer.Character.HumanoidRootPart.CFrame = CFrame.new(-34.9493942, 125.387581, 115.847549, -0.980777621, 0.0975756198, -0.168980971, 7.34627247e-06, 0.866011858, 0.500023425, 0.195129618, 0.490410477, -0.84936583)
wait(10)
game.Players.LocalPlayer.Character.HumanoidRootPart.CFrame = CFrame.new(-176.610046, 55.0342979, 286.782837, -0.422576785, 0.453182936, -0.784891069, -3.4943223e-05, 0.866004884, 0.500035524, 0.906327069, 0.211330846, -0.36593771)
wait(10)
game.Players.LocalPlayer.Character.HumanoidRootPart.CFrame = CFrame.new(-835.286682, 65.0731201, 167.552307, 0.00326782465, -0.552514911, 0.83349663, -0.0529294461, 0.832237124, 0.551887512, -0.998592913, -0.045919925, -0.026524663)
wait(10)
game.Players.LocalPlayer.Character.HumanoidRootPart.CFrame = CFrame.new(-153.013458, 67.1029129, -239.126923, 0.707122445, 0.353559852, -0.612350583, -2.71648169e-05, 0.866027296, 0.499996722, 0.707091093, -0.353542268, 0.612396955)
wait(10)
game.Players.LocalPlayer.Character.HumanoidRootPart.CFrame = CFrame.new(-203.02121, 165.293457, 131.038513, 0.499989808, -0.432986498, 0.750021935, -1.70618296e-05, 0.866039872, 0.499974906, -0.866031289, -0.249995127, 0.433003724)
wait(10)
game.Players.LocalPlayer.Character.HumanoidRootPart.CFrame = CFrame.new(-211.272842, 201.05162, 126.181381, -0.707122564, -0.353559852, 0.612350583, -2.71648169e-05, 0.866027296, 0.499996722, -0.707091093, 0.353542268, -0.612397075)
wait(10)
game.Players.LocalPlayer.Character.HumanoidRootPart.CFrame = CFrame.new(-310.283264, -1.25688553, -102.318039, 1.44839287e-05, 0.560962856, -0.827840984, -0.126425996, 0.821199477, 0.556460142, 0.991976082, 0.104652569, 0.0709321499)
wait(10)
game.Players.LocalPlayer.Character.HumanoidRootPart.CFrame = CFrame.new(-844.0354, 220.903671, 280.841156, 0.798639834, -0.300931573, 0.521166563, 1.51842833e-05, 0.866009593, 0.500027359, -0.601809263, -0.399333835, 0.691634357)
wait(10)
game.Players.LocalPlayer.Character.HumanoidRootPart.CFrame = CFrame.new(-186.769867, 45.7978096, -390.533295, -0.707122564, -0.353559852, 0.612350583, -2.71648169e-05, 0.866027296, 0.499996722, -0.707091093, 0.353542268, -0.612397075)
wait(10)
game.Players.LocalPlayer.Character.HumanoidRootPart.CFrame = CFrame.new(-291.193695, 114.985954, 123.953217, 0.707122445, 0.353559852, -0.612350583, -2.71648169e-05, 0.866027296, 0.499996722, 0.707091093, -0.353542268, 0.612396955)
wait(10)
game.Players.LocalPlayer.Character.HumanoidRootPart.CFrame = CFrame.new(-383.646027, -190.880692, -201.913284, -0.707122564, -0.353559852, 0.612350583, -2.71648169e-05, 0.866027296, 0.499996722, -0.707091093, 0.353542268, -0.612397075)
wait(10)
game.Players.LocalPlayer.Character.HumanoidRootPart.CFrame = CFrame.new(-107.189278, 45.234539, -240.998947, 0.707122445, -0.353559852, 0.612350583, 2.71648169e-05, 0.866027296, 0.499996722, -0.707091093, -0.353542268, 0.612396955)
